0.03914373088685015
0.1761467889908257
0.13700305810397553
0.1761467889908257
0.13700305810397553
0.127217125382263
0.05871559633027523
0.058715596330275226
0.08807339449541285
0.04892966360856269
0.10764525993883792
0.08807339449541284
0.09785932721712538
0.10764525993883792
0.11743119266055045
0.18593272171253822
0.14678899082568805
0.16636085626911315
0.22507645259938835
0.18593272171253825
0.15657492354740063
0.11743119266055045
0.127217125382263
0.127217125382263
0.25688073394495414
0.17737003058103976
0.1871559633027523
0.19694189602446485
0.20672782874617737
0.17859327217125381
0.16620795107033637
0.1675840978593272
0.14801223241590214
0.14801223241590214
0.2448012232415902
0.3346330275229358
0.2244648318042813
0.17553516819571865
0.18532110091743118
0.19755351681957184
0.18654434250764526
0.19633027522935778
0.20611620795107033
0.20611620795107033
0.23547400611620792
0.25504587155963304
0.2940366972477064
0.3137614678899082
0.21590214067278288
0.18532110091743118
0.19510703363914372
0.2146788990825688
0.23425076452599386
0.20489296636085627
0.20489296636085627
0.24648318042813452
0.19510703363914372
0.19510703363914372
0.40244648318042814
0.25565749235474006
0.2654434250764526
0.2805810397553517
0.2779051987767584
0.14090214067278287
0.1323394495412844
0.24854740061162078
0.17882262996941894
0.1886085626911315
0.20795107033639143
0.09908256880733944
0.10886850152905199
0.1382262996941896
0.12844036697247707
0.13822629969418962
0.17721712538226297
0.13822629969418962
0.1675840978593272
0.17859327217125381
0.18715596330275228
0.16758409785932724
0.19938837920489297
0.3253822629969419
0.28623853211009176
0.23730886850152907
0.20795107033639146
0.21773700305810398
0.19694189602446485
0.1871559633027523
0.11865443425076452
0.09785932721712538
0.09785932721712538
0.13975535168195719
0.12370030581039755
0.12370030581039755
0.113914373088685
0.12370030581039755
0.06850152905198777
0.10749235474006116
0.08807339449541285
0.12966360856269113
0.1602446483180428
0.19082568807339448
0.17859327217125381
0.15902140672782875
0.1688073394495413
0.2201834862385321
0.19938837920489297
0.22874617737003058
0.22874617737003058
0.314525993883792
0.3199541284403669
0.27958715596330275
0.23065749235474003
0.23065749235474006
0.4605504587155963
0.14678899082568808
0.19571865443425074
0.4007645259938838
0.3471712538226299
0.1492354740061162
0.15779816513761466
0.14801223241590214
0.1871559633027523
0.16758409785932724
0.1382262996941896
0.15779816513761466
0.1577981651376147
0.1565749235474006
0.13700305810397553
0.25443425076452597
0.2055045871559633
0.08807339449541284
0.1568807339449541
0.06850152905198777
0.06850152905198777
0.13700305810397553
0.5004949521939176
0.1300158568354287
0.10962056858081323
0.14693538339562806
0.2231880733944954
0.3370024917884245
0.24084267753992525
0.27978055272397784
0.47674623400158567
0.4447360969532223
0.30328746177370025
0.29350152905198773
0.30328746177370025
0.3620030581039755
0.3620030581039755
0.3130733944954128
0.30328746177370025
0.30328746177370025
0.3511120033290204
0.33998470948012227
0.3204128440366972
0.33019877675840975
0.34977064220183485
0.3008409785932722
0.2812691131498471
0.2910550458715596
0.2910550458715596
0.4131498470948012
0.2935015290519878
0.3020642201834863
0.2812691131498471
0.2812691131498471
0.2910550458715596
0.3106269113149847
0.31062691131498466
0.3693425076452599
0.3204128440366972
0.3399847094801223
0.3432110551839003
0.33998470948012227
0.3399847094801223
0.3020642201834862
0.3106269113149847
0.30451070336391434
0.3075688073394495
0.3564984709480122
0.3271406727828746
0.3075688073394495
0.3075688073394495
0.3608195849398247
0.2812691131498471
0.48973673761379977
0.371521485279911
0.4258239748570736
0.34285473818040935
0.3204128440366972
0.31214243098845745
0.34995801481944566
0.35955657492354737
0.340599119546576
0.34243119266055044
0.3326452599388379
0.32163608562691126
0.3692814050428371
0.32163608562691126
0.34120795107033636
0.34120795107033636
0.3399847094801223
0.36200305810397554
0.33259624409352323
0.3314220183486238
0.34120795107033636
0.36517491099258953
0.31326508786042767
0.36220971237138616
0.34120795107033636
0.34597506279532103
0.3541042419605733
0.3233970113711173
0.34187631240799465
0.3431269852440824
0.3436217198398217
0.3408885750410893
0.33998470948012227
0.3595098086742362
0.45816532429017626
0.4543155146312618
0.42894274294046686
0.40558179513611525
0.34046348245225416
0.43960902935097407
0.3963016709953666
0.33668742353355474
0.39557954720120875
0.3732172715723298
0.5068281240510111
0.3327217125382263
0.32553516819571865
0.3242354740061162
0.5252307244968193
0.3489296636085627
0.33792048929663604
0.3682512477554419
0.31985496108127504
0.4087555343424489
0.33514787276701946
0.3394156952104682
0.3437308868501529
0.36046244677582195
0.42931851103990165
0.3480122324159021
0.328440366972477
0.37797061639167706
0.3971800574552868
0.3399709419663385
0.3907114003523036
0.2332941118899404
0.22473852979721953
0.24891398102407275
0.2403669724770642
0.3186544342507645
0.3188213897878389
0.2990825688073394
0.27951070336391437
0.7539625417398064
0.3479282668823479
0.35301327865717114
0.23554484146552182
0.3110320901145249
0.21219861358964662
0.32334364149592043
0.2807339449541284
0.3069511734185479
0.38644813249493176
0.36992023669202917
0.3516819571865443
0.330738993012632
0.3296636085626911
0.3394495412844037
0.3533639143730887
0.3976014131955875
0.21529051987767586
0.26422018348623855
0.254434250764526
0.43277728861663234
0.5180073703022599
0.3985680653752868
0.5981401735005929
0.3564783477772123
0.3519727760751902
0.35190142295161275
0.33323883149102185
0.3589218158778795
0.3539250905633479
0.3509896250740649
0.3619975932364509
0.34322861467872817
0.3131498470948012
0.3425076452599388
0.33922402323442685
0.3244163530082241
0.3460986898403363
0.38407083833439615
0.34095199711708574
0.2960244648318043
0.33501529051987766
0.2960244648318043
0.3253822629969419
0.3253822629969419
0.2960244648318043
0.3155963302752294
0.4963230675249236
0.344954128440367
0.3143730886850153
0.2837920489296636
0.26357115447015755
0.2642201834862385
0.2642201834862385
0.3975509559015577
0.42733563030811034
0.35632107970731164
0.32430447149820824
0.3437308868501529
0.3143730886850153
0.3559633027522936
0.3351681957186544
0.3378826307345094
0.3368389950418211
0.39349618323778296
0.334149843205733
0.33394495412844033
0.31551935582563306
0.3236578105289733
0.3182321740600798
0.3425076452599388
0.3327217125382263
0.3327217125382263
0.4028229648876038
0.35318345417843744
0.2776646250815394
0.3533236697002125
0.3174311926605504
0.35789660389886135
0.3467889908256881
0.35154761610638025
0.36602931003244776
0.41878589291694807
0.39059269130425334
0.2990825688073394
0.37478184802018494
0.39021453311029963
0.36098224339872365
0.33088685015290514
0.27155963302752295
0.2886850152905199
0.25810397553516823
0.21896024464831806
0.21896024464831806
0.24831804281345565
0.21896024464831806
0.26055045871559634
0.18837920489296636
0.13822629969418962
0.10886850152905199
0.15045871559633028
0.25932721712538226
0.13944954128440368
0.1981651376146789
0.19816513761467888
0.23730886850152905
0.20795107033639146
0.1871559633027523
0.17737003058103976
0.20672782874617737
0.2385321100917431
0.22752293577981653
0.2470948012232416
0.2470948012232416
0.25688073394495414
0.26666666666666666
0.21773700305810398
0.23730886850152905
0.26911314984709483
0.24831804281345568
0.27767584097859327
0.27767584097859327
0.2581039755351682
0.24831804281345568
0.26788990825688075
0.3657492354740061
0.28746177370030584
0.27706256962922504
0.4036697247706422
0.4172310029932491
0.3155963302752293
0.3154434250764526
0.2764525993883792
0.26666666666666666
0.28623853211009176
0.344954128440367
0.33394495412844033
0.2935779816513761
0.2935779816513761
0.29357798165137616
0.3406727828746178
0.3943425076452599
0.30879204892966355
0.3381498470948012
0.34793577981651375
0.3028839333543551
0.3113149847094801
0.2721712538226299
0.3207951070336391
0.44816513761467885
0.2623853211009174
0.2819571865443425
0.2623853211009174
0.29174311926605506
0.35045871559633024
0.3113149847094801
0.37003058103975534
0.33088685015290514
0.33088685015290514
0.20366972477064219
0.3813444331181334
0.3672857911428248
0.35168195718654427
0.3337920489296636
0.3337920489296636
0.3143730886850153
0.29480122324159025
0.25565749235474006
0.1577981651376147
0.15779816513761466
0.11865443425076452
0.11865443425076452
0.11865443425076452
0.12844036697247707
0.13822629969418962
0.13822629969418962
0.13822629969418962
0.20672782874617734
0.19694189602446482
0.1871559633027523
0.19694189602446485
0.20672782874617737
0.20672782874617737
0.34373088685015285
0.2850152905198777
0.21651376146788992
0.24587155963302754
0.2850152905198777
0.3241590214067278
0.3926605504587156
0.25565749235474006
0.26544342507645263
0.20651161318615763
0.3896955254774415
0.24155671493943331
0.23365615500674564
0.2938755481229366
0.2678899082568807
0.3
0.27767584097859327
0.27767584097859327
0.23853211009174313
0.21896024464831804
0.18960244648318045
0.16024464831804283
0.17003058103975535
0.15045871559633028
0.14067278287461774
0.15045871559633028
0.16024464831804283
0.17981651376146787
0.473394495412844
0.18960244648318042
0.23149847094801224
0.23990825688073394
0.17859327217125381
0.11880733944954128
0.11880733944954128
0.1481651376146789
0.16162079510703364
0.1646788990825688
0.17446483180428135
0.19709480122324158
0.2264525993883792
0.18730886850152906
0.1871559633027523
0.1481651376146789
0.1775229357798165
0.19709480122324158
0.1970948012232416
0.18975535168195717
0.1787461773700306
0.32553516819571865
0.47232415902140673
0.37446483180428136
0.35733944954128444
0.26804281345565745
0.36590214067278287
0.38547400611620797
0.21788990825688073
0.2692660550458716
0.2582568807339449
0.26804281345565745
0.1897553516819572
0.1591743119266055
0.14938837920489298
0.20076452599388378
0.1701834862385321
0.17507645259938837
0.17262996941896025
0.17262996941896025
0.15061162079510704
0.16039755351681959
0.20917431192660552
0.12981651376146788
0.23623853211009174
0.18730886850152903
0.18730886850152906
0.19816513761467888
0.19694189602446482
0.236085626911315
0.19694189602446482
0.3437308868501529
0.3486238532110092
0.30948012232415906
0.309480122324159
0.3510703363914373
0.309480122324159
0.3290519877675841
0.16758409785932724
0.17737003058103976
0.4709480122324159
0.18715596330275228
0.16758409785932724
0.21636085626911317
0.18837920489296636
0.14067278287461774
0.13944954128440368
0.1198776758409786
0.12966360856269113
0.1981651376146789
0.1981651376146789
0.17859327217125384
0.1675840978593272
0.1308868501529052
0.0782874617737003
0.3657175218031487
0.09414967720013591
0.09149733831691018
0.08884499943368444
0.24971910748669157
0.19018008834522596
0.1565749235474006
0.127217125382263
0.13700305810397553
0.1565749235474006
0.13700305810397553
0.13700305810397553
0.16636085626911315
0.14678899082568808
0.14678899082568808
0.15657492354740063
0.16636085626911315
0.17874617737003057
0.18723241590214068
0.19701834862385323
0.2459480122324159
0.2190366972477064
0.21781345565749236
0.20802752293577984
0.21781345565749236
0.21651376146788992
0.2458715596330275
0.2850152905198777
0.3363914373088685
0.38409785932721713
0.20672782874617737
0.24587155963302754
0.16758409785932724
0.22629969418960244
0.17737003058103976
0.17737003058103976
0.1577981651376147
0.18715596330275228
0.17737003058103976
0.17859327217125381
0.16758409785932724
0.17737003058103976
0.19694189602446482
0.236085626911315
0.22629969418960247
0.2311926605504587
0.26055045871559634
0.3619266055045871
0.3057339449541285
0.3448776758409786
0.23837920489296638
0.24831804281345565
0.25321100917431194
0.2581039755351682
0.3853211009174312
0.2874617737003058
0.23730886850152907
0.3370795107033639
0.35229357798165134
0.35665137614678893
0.3297400611620795
0.3033639143730887
0.127217125382263
0.09785932721712538
0.10764525993883792
0.3425076452599388
0.048929663608562685
0.09785932721712538
0.21529051987767583
0.0782874617737003
0.11009174311926606
0.09908256880733944
0.1675840978593272
0.14801223241590214
0.2275229357798165
0.14801223241590214
0.19938837920489297
0.18837920489296636
0.28623853211009176
0.21773700305810398
0.23730886850152905
0.15902140672782875
0.21773700305810395
0.25688073394495414
0.23730886850152905
0.21773700305810398
0.20795107033639146
0.17737003058103976
0.12721712538226299
0.10764525993883792
0.0782874617737003
0.0782874617737003
0.10764525993883792
0.10764525993883792
0.13700305810397553
0.22507645259938838
0.06850152905198777
0.09785932721712537
0.0782874617737003
0.2055045871559633
0.3522935779816514
0.06850152905198777
0.11238532110091742
0.05871559633027523
0.06850152905198777
0.11987767584097858
0.09908256880733944
0.09908256880733944
0.08929663608562691
0.08929663608562691
0.09908256880733944
0.40244648318042814
0.27522935779816515
0.3241590214067278
0.2837920489296636
0.2642201834862385
0.1492354740061162
0.11865443425076452
0.2016819571865443
0.19686544342507642
0.22499999999999998
0.16628440366972477
0.1956422018348624
0.1198776758409786
0.09908256880733944
0.13700305810397553
0.13700305810397553
0.05871559633027523
0.09770642201834862
0.1418960244648318
0.11743119266055045
0.09785932721712538
0.08807339449541284
0.08807339449541284
0.10764525993883792
0.10764525993883792
0.08807339449541284
0.1565749235474006
0.13700305810397553
0.14678899082568808
0.2837920489296636
0.18593272171253825
0.19571865443425077
0.19571865443425077
0.22507645259938838
0.24464831804281345
0.2935779816513761
0.254434250764526
0.36207951070336386
0.21529051987767586
0.23486238532110093
0.21529051987767586
0.22507645259938838
0.254434250764526
0.2678899082568807
0.3492354740061162
0.37186544342507644
0.127217125382263
0.1565749235474006
0.13700305810397553
0.14678899082568808
0.15657492354740063
0.21804281345565749
0.22400611620795105
0.17737003058103976
0.19694189602446482
0.3339449541284404
0.25565749235474006
0.21651376146788992
0.20672782874617737
0.21651376146788992
0.1871559633027523
0.15657492354740063
0.15657492354740063
0.20795107033639143
0.19694189602446485
0.19694189602446485
0.18715596330275228
0.1871559633027523
0.24587155963302754
0.1871559633027523
0.2165137614678899
0.21651376146788992
0.2850152905198777
0.27522935779816515
0.236085626911315
0.236085626911315
0.236085626911315
0.26788990825688075
0.27645259938837924
0.25932721712538226
0.3853211009174312
0.18837920489296636
0.18837920489296636
0.1688073394495413
0.29097859327217124
0.356651376146789
0.3162844036697247
0.3260703363914373
0.3052752293577981
0.3052752293577981
0.3150611620795107
0.356651376146789
0.3260703363914373
0.34564220183486233
0.20420489296636088
0.2727064220183486
0.25313455657492356
0.2629204892966361
0.2921253822629969
0.2139908256880734
0.1834097859327217
0.2029816513761468
0.22255351681957186
0.24212538226299693
0.261697247706422
0.2714831804281346
0.2714831804281345
0.261697247706422
0.2714831804281345
0.26169724770642205
0.261697247706422
0.2824923547400611
0.2965596330275229
0.24762996941896023
0.2965596330275229
0.24762996941896023
0.24212538226299693
0.24487767584097858
0.24457186544342507
0.2335626911314985
0.22377675840978595
0.24457186544342507
0.36628440366972476
0.22928134556574922
0.1999235474006116
0.3543487545629288
0.20601368138355924
0.20970948012232415
0.22928134556574922
0.36628440366972476
0.1999235474006116
0.3606912558977418
0.41746992371730374
0.319183578258011
0.30155879077067216
0.30879204892966355
0.33692660550458714
0.26842507645259933
0.26842507645259933
0.36582568807339444
0.2918195718654434
0.25313455657492356
0.19441896024464833
0.2629204892966361
0.22377675840978592
0.24334862385321102
0.2139908256880734
0.25313455657492356
0.3265290519877676
0.2947247706422018
0.353440366972477
0.39258409785932713
0.3240825688073394
0.2739296636085627
0.2641437308868501
0.2641437308868501
0.3032874617737003
0.3130733944954128
0.2543577981651376
0.2641437308868501
0.2739296636085627
0.2837155963302752
0.34243119266055044
0.32775229357798163
0.3031345565749235
0.3130733944954129
0.34243119266055044
0.3424311926605504
0.3424311926605504
0.35221712538226296
0.3424311926605504
0.32285932721712535
0.3424311926605504
0.32285932721712535
0.3326452599388379
0.25688073394495414
0.1688073394495413
0.13944954128440368
0.14923547400611623
0.15902140672782875
0.14923547400611623
0.2518348623853211
0.225
0.2665902140672783
0.2555810397553517
0.19938837920489297
0.20917431192660552
0.19938837920489297
0.18960244648318045
0.2091743119266055
0.18960244648318045
0.17003058103975535
0.19938837920489297
0.15902140672782875
0.15902140672782875
0.1688073394495413
0.17859327217125384
0.18837920489296636
0.19816513761467888
0.1981651376146789
0.21162079510703363
0.17553516819571865
0.17553516819571865
0.3076452599388379
0.1706422018348624
0.15412844036697249
0.15412844036697249
0.1960244648318043
0.1885321100917431
0.18180428134556573
0.22400611620795108
0.204434250764526
0.16529051987767582
0.16529051987767585
0.1848623853211009
0.1848623853211009
0.22400611620795108
0.27293577981651373
0.2668195718654434
0.26009174311926603
0.24357798165137615
0.30229357798165135
0.24357798165137615
0.24357798165137615
0.35611620795107035
0.19954128440366972
0.4069070674702745
0.3077388688135267
0.36590214067278287
0.22889908256880734
0.27782874617737
0.3363914373088685
0.29740061162079506
0.3389908256880734
0.33769113149847096
0.32798165137614677
0.1811926605504587
0.28883792048929663
0.2496941896024465
0.23012232415902142
0.23012232415902142
0.2814984709480122
0.21177370030581041
0.3585626911314984
0.26926605504587153
0.26926605504587153
0.2741590214067278
0.26926605504587153
0.28883792048929663
0.27905198776758405
0.28883792048929663
0.3573394495412844
0.32798165137614677
0.32798165137614677
0.29862385321100915
0.30840978593272167
0.2668195718654434
0.2570336391437309
0.2668195718654434
0.29617737003058103
0.26544342507645263
0.2850152905198777
0.24587155963302754
0.24587155963302754
0.21651376146788992
0.363302752293578
0.2458715596330275
0.2850152905198777
0.27522935779816515
0.3241590214067278
0.2654434250764526
0.2948012232415902
0.24587155963302754
0.24587155963302754
0.26544342507645263
0.4024464831804281
0.2850152905198777
0.23486238532110093
0.23486238532110093
0.20550458715596331
0.21529051987767586
0.19571865443425077
0.19571865443425077
0.2055045871559633
0.3229357798165138
0.41100917431192663
0.3914373088685015
0.28363914373088683
0.3642683340618507
0.3425076452599388
0.3425076452599389
0.3425076452599388
0.25287831851128506
0.2980020518754254
0.35940366972477067
0.23730886850152907
0.23730886850152907
0.23730886850152907
0.23730886850152907
0.23730886850152907
0.286085626911315
0.3840978593272171
0.344954128440367
0.3373853211009174
0.2590978593272171
0.40588685015290515
0.2590978593272171
0.28845565749235474
0.28845565749235474
0.27866972477064217
0.37652905198776754
0.2982415902140672
0.3229357798165137
0.21529051987767583
0.22507645259938838
0.20795107033639143
0.2270642201834862
0.24013761467889908
0.220565749235474
0.2621559633027523
0.39671253822629965
0.25114678899082565
0.39793577981651373
0.24136085626911316
0.2901376146788991
0.3098623853211009
0.24136085626911316
0.24136085626911316
0.220565749235474
0.20099388379204894
0.45595056065239553
0.3720153754672103
0.2902905198776758
0.30986238532110094
0.31230886850152906
0.22301223241590215
0.26215596330275226
0.28723241590214066
0.3480886850152905
0.28937308868501527
0.3966360856269113
0.3297001733562983
0.42292257955670237
