0;0.0041583499667332
37;0.0083166999334664
14400;0.0041583499667332
14437;0.0
76068;0.00083166999334664
76113;0.0
108213;4.1583499667332004e-05
108300;8.316699933466401e-05
108336;0.000124750499001996
108350;8.316699933466401e-05
108367;4.1583499667332004e-05
109448;0.0
113136;0.041583499667332005
125387;0.14803725881570193
125432;0.041583499667332005
125537;0.457418496340652
125890;0.041583499667332005
126051;0.14803725881570193
126093;0.041583499667332005
126631;0.08316699933466401
127033;0.18962075848303392
127085;0.18966234198270127
127134;0.18962075848303392
127203;0.18966234198270127
127245;0.18962075848303392
128429;0.18966234198270127
128482;0.18962075848303392
128531;0.18966234198270127
128573;0.18962075848303392
128608;0.18966234198270127
128745;0.14807884231536927
128780;0.18966234198270127
128960;0.14807884231536927
128990;0.18966234198270127
129265;0.18962075848303392
129355;0.14803725881570193
129533;0.18962075848303392
129582;0.18966234198270127
129887;0.14807884231536927
129956;0.14803725881570193
129980;0.18962075848303392
130011;0.14803725881570193
130135;0.18962075848303392
130419;0.19377910844976715
130419;0.19793745841650034
130419;0.20209580838323354
130419;0.20625415834996674
130419;0.21041250831669994
130419;0.21457085828343314
130420;0.21872920825016634
130420;0.22288755821689954
130421;0.22704590818363274
130421;0.23120425815036594
130421;0.23536260811709914
130421;0.23952095808383234
130422;0.24367930805056554
130422;0.24783765801729873
130422;0.25199600798403193
130422;0.25615435795076513
130423;0.26031270791749833
130423;0.26447105788423153
130423;0.26862940785096473
130423;0.27278775781769793
130424;0.27694610778443113
130424;0.2811044577511643
130424;0.2852628077178975
130462;0.24367930805056554
130465;0.26447105788423153
130472;0.2852628077178975
130493;0.3060545575515635
130506;0.3268463073852295
130517;0.34763805721889557
130530;0.34347970725216237
130541;0.36427145708582837
130553;0.38506320691949436
130565;0.40585495675316036
130576;0.42664670658682635
130589;0.44743845642049235
130600;0.46823020625415834
130610;0.48902195608782434
130621;0.5098137059214903
130634;0.5306054557551564
130665;0.5098137059214903
130812;0.48902195608782434
130818;0.46823020625415834
130819;0.44743845642049235
130819;0.42664670658682635
130854;0.40585495675316036
130863;0.38506320691949436
130889;0.36427145708582837
130899;0.34347970725216237
130900;0.3226879574184963
130902;0.3018962075848303
130942;0.2811044577511643
130963;0.26031270791749833
131228;0.26035429141716565
131781;0.3019377910844977
132077;0.26035429141716565
132135;0.26031270791749833
132232;0.2811044577511643
132263;0.26031270791749833
132343;0.36676646706586824
132678;0.26031270791749833
133071;0.36676646706586824
133091;0.4083499667332003
133104;0.3018962075848303
133417;0.26031270791749833
133999;0.36676646706586824
134061;0.26031270791749833
135050;0.26035429141716565
135093;0.26031270791749833
135173;0.26035429141716565
135226;0.26031270791749833
135278;0.26035429141716565
135332;0.26031270791749833
135345;0.26035429141716565
135398;0.26031270791749833
135901;0.3018962075848303
136156;0.3102129075182967
136239;0.26862940785096473
136488;0.26031270791749833
136607;0.26862940785096473
136948;0.26031270791749833
137129;0.26035429141716565
137182;0.26031270791749833
137268;0.26035429141716565
137311;0.26031270791749833
138228;0.27694610778443113
138318;0.26031270791749833
138511;0.27694610778443113
138597;0.26031270791749833
139270;0.27694610778443113
139488;0.2935795076513639
139492;0.3102129075182967
139573;0.2935795076513639
139576;0.27694610778443113
139951;0.26031270791749833
140367;0.3018962075848303
140460;0.26031270791749833
140528;0.3018962075848303
140623;0.26031270791749833
140759;0.3018962075848303
140852;0.26031270791749833
141523;0.3018962075848303
141615;0.26031270791749833
141663;0.26862940785096473
141860;0.26031270791749833
142476;0.3018962075848303
142580;0.26031270791749833
145822;0.36676646706586824
146276;0.7826014637391883
146289;0.6761477045908184
146466;0.26031270791749833
146541;0.6761477045908184
146707;0.26031270791749833
146895;0.6761477045908184
147107;0.26031270791749833
147159;0.6761477045908184
147373;0.26031270791749833
147389;0.6761477045908184
147660;0.26031270791749833
147811;0.2811044577511643
148287;0.3018962075848303
148295;0.3226879574184963
148302;0.34347970725216237
148317;0.36427145708582837
148325;0.38506320691949436
148341;0.40585495675316036
148350;0.42664670658682635
148361;0.44743845642049235
148369;0.46823020625415834
148379;0.48902195608782434
148392;0.5098137059214903
148401;0.5306054557551564
148518;0.5098137059214903
148702;0.48902195608782434
149129;0.6487025948103793
149175;0.6279108449767132
149524;0.46823020625415834
150084;0.44743845642049235
150173;0.42664670658682635
150541;0.40585495675316036
151095;0.38506320691949436
151604;0.40585495675316036
151747;0.38506320691949436
151971;0.36427145708582837
151989;0.34347970725216237
152149;0.3226879574184963
154935;0.3018962075848303
155108;0.2811044577511643
155629;0.27694610778443113
156037;0.27736194278110443
156128;0.27694610778443113
156137;0.27736194278110443
156504;0.27694610778443113
156512;0.27798569527611444
157499;0.27694610778443113
157533;0.27798569527611444
157559;0.27902528276779776
157601;0.27798569527611444
157647;0.27902528276779776
157668;0.27798569527611444
157870;0.27694610778443113
157932;0.27798569527611444
158048;0.6938206919494344
158226;0.27798569527611444
159280;0.27694610778443113
169801;0.27278775781769793
169824;0.25199600798403193
169897;0.24783765801729873
169940;0.24367930805056554
170142;0.23952095808383234
170174;0.23536260811709914
170457;0.23120425815036594
170560;0.22704590818363274
171955;0.22288755821689954
172265;0.21872920825016634
172287;0.21457085828343314
172373;0.21041250831669994
172415;0.20625415834996674
172530;0.20209580838323354
172534;0.19793745841650034
172659;0.19377910844976715
172760;0.18962075848303392
172907;0.18546240851630072
173311;0.18130405854956752
173626;0.17714570858283432
174148;0.17298735861610112
174210;0.16882900864936792
194118;0.16986859614105124
194776;0.16882900864936792
194799;0.5846640053226879
194945;0.5847471723220227
195101;0.1689121756487026
196329;0.16882900864936792
197048;0.21041250831669994
197135;0.16882900864936792
201346;0.17714570858283432
201501;0.16882900864936792
201527;0.17714570858283432
201859;0.16882900864936792
203123;0.21041250831669994
203444;0.16882900864936792
203487;0.21041250831669994
203814;0.37009314703925483
203896;0.32850964737192284
203981;0.37009314703925483
204108;0.21041250831669994
204140;0.21872920825016634
204465;0.21041250831669994
204571;0.16882900864936792
204937;0.21041250831669994
205772;0.21872920825016634
206179;0.17714570858283432
206248;0.33682634730538924
207307;0.17714570858283432
207637;0.19793745841650034
207822;0.17714570858283432
207932;0.21872920825016634
207945;0.23952095808383234
208555;0.21872920825016634
208639;0.17714570858283432
209777;0.18130405854956752
209778;0.18546240851630072
209778;0.18962075848303392
209779;0.19377910844976715
209779;0.19793745841650034
209779;0.20209580838323354
209779;0.20625415834996674
209780;0.21041250831669994
209780;0.21457085828343314
209780;0.21872920825016634
209780;0.22288755821689954
209781;0.22704590818363274
209781;0.23120425815036594
209781;0.23536260811709914
209782;0.23952095808383234
209782;0.24367930805056554
209782;0.24783765801729873
209782;0.25199600798403193
209783;0.25615435795076513
209783;0.26031270791749833
209783;0.26447105788423153
209783;0.26862940785096473
209783;0.27278775781769793
209875;0.26862940785096473
210142;0.2894211576846307
210142;0.3102129075182967
210142;0.3310046573519627
210142;0.35179640718562877
210142;0.37258815701929476
210142;0.39337990685296076
210143;0.41417165668662675
210143;0.43496340652029275
210144;0.45575515635395875
210144;0.47654690618762474
210144;0.49733865602129074
210144;0.5181304058549567
210145;0.5389221556886228
210444;0.5181304058549567
211180;0.49733865602129074
211384;0.47654690618762474
212153;0.45575515635395875
213149;0.6154357950765137
213355;0.6237524950099801
213520;0.6154357950765137
213648;0.6362275449101796
213691;0.6154357950765137
213728;0.6112774451097804
213986;0.45159680638722555
215678;0.44743845642049235
215928;0.42664670658682635
217068;0.41833000665335995
217722;0.39753825681969396
218020;0.37674650698602796
219469;0.5364271457085829
219864;0.37674650698602796
219961;0.35595475715236197
219991;0.36427145708582837
220006;0.38506320691949436
220129;0.39337990685296076
220244;0.38506320691949436
220370;0.39337990685296076
221407;0.40169660678642716
221708;0.41001330671989356
221783;0.38922155688622756
222463;0.36842980705256156
222804;0.38922155688622756
224422;0.41001330671989356
225662;0.38922155688622756
228871;0.39753825681969396
228976;0.38922155688622756
230258;0.39753825681969396
230337;0.41833000665335995
230337;0.43912175648702595
230337;0.45991350632069194
230337;0.48070525615435794
230337;0.5014970059880239
230338;0.52228875582169
230338;0.5430805056553559
230338;0.563872255489022
230338;0.5846640053226879
230338;0.605455755156354
230353;0.5971390552228876
230388;0.6012974051896207
230398;0.6096141051230871
230402;0.6137724550898204
230474;0.6179308050565535
230483;0.6137724550898204
230493;0.605455755156354
230497;0.6012974051896207
230569;0.5971390552228876
232287;0.5971806387225549
241334;0.6054973386560213
241337;0.5971806387225549
242871;0.6005073186959414
242960;0.6009231536926147
242966;0.5975964737192282
243051;0.5971806387225549
249758;0.7568612774451098
252413;0.7568196939454425
252935;0.7526613439787092
252959;0.7609780439121756
252967;0.7568196939454425
253161;0.7526613439787092
253235;0.7568196939454425
253325;0.7609780439121756
253402;0.7568196939454425
253427;0.7609780439121756
253448;0.7651363938789089
253472;0.769294743845642
253485;0.7651363938789089
253498;0.769294743845642
253594;0.7651363938789089
253611;0.7859281437125748
253635;0.7817697937458417
253707;0.7859281437125748
253770;0.7651363938789089
254137;0.7609780439121756
254146;0.7568196939454425
254220;0.7526613439787092
254385;0.7485029940119761
254509;0.7443446440452428
254787;0.7401862940785097
259132;0.7360279441117764
263581;0.7318695941450433
274643;0.72771124417831
277900;0.7193945442448436
278821;0.72771124417831
280693;0.7235528942115769
284593;0.7193945442448436
288043;0.7152361942781105
288292;0.7110778443113772
288513;0.7069194943446441
289913;0.6653359946773121
296246;0.6611776447105788
297582;0.6570192947438457
297969;0.6611776447105788
297970;0.6653359946773121
297970;0.6694943446440452
297971;0.6736526946107785
297971;0.6778110445775116
297971;0.6819693945442449
297971;0.686127744510978
297972;0.6902860944777113
297972;0.6944444444444444
297972;0.6986027944111777
297972;0.7027611443779108
297973;0.7069194943446441
297973;0.7110778443113772
297973;0.7152361942781105
297973;0.7193945442448436
297974;0.7235528942115769
297974;0.72771124417831
297974;0.7318695941450433
297974;0.7360279441117764
299833;0.6295741849634066
300758;0.6711576846307385
301779;0.679474384564205
301936;0.6877910844976713
301977;0.6836327345309381
302105;0.6753160345974717
302108;0.6836327345309381
302125;0.6753160345974717
302135;0.6836327345309381
303080;0.679474384564205
304953;0.7210578842315369
305267;0.679474384564205
305819;0.7210578842315369
306214;0.679474384564205
306527;0.7210578842315369
307010;0.7002661343978709
308174;0.679474384564205
308392;0.6586826347305389
310534;0.6545242847638058
310921;0.6961077844311377
311177;0.6919494344644045
312907;0.6503659347970725
313455;0.6919494344644045
313602;0.6503659347970725
313792;0.6919494344644045
314051;0.7127411842980705
314187;0.7168995342648037
314194;0.7210578842315369
314197;0.7252162341982701
314203;0.7293745841650033
314912;0.7085828343313373
315218;0.7501663339986693
322353;0.7293745841650033
322365;0.7085828343313373
324040;0.6877910844976713
324443;0.6669993346640053
325136;0.6462075848303394
326722;0.6254158349966733
328413;0.6046240851630074
328530;0.5838323353293413
328583;0.5630405854956753
335989;0.5422488356620093
336158;0.38256819693945443
338560;0.37425149700598803
339203;0.33266799733865604
342460;0.32850964737192284
343717;0.33266799733865604
343801;0.32850964737192284
343854;0.33266799733865604
343906;0.35345974717232204
343952;0.37425149700598803
343974;0.395043246839654
343996;0.41583499667332
344019;0.436626746506986
344029;0.457418496340652
344039;0.478210246174318
344044;0.499001996007984
344049;0.5197937458416501
344056;0.540585495675316
344061;0.561377245508982
346835;0.540585495675316
354725;0.5364271457085829
356163;0.5322687957418496
356682;0.5281104457751165
356827;0.5239520958083832
357066;0.5197937458416501
357067;0.5156353958749168
357665;0.5114770459081837
357883;0.5073186959414504
358184;0.5031603459747173
358567;0.499001996007984
365654;0.478210246174318
366076;0.4865269461077844
374642;0.4823685961410512
379387;0.4740518962075848
379507;0.4657351962741184
380073;0.8815701929474384
389559;0.8774118429807053
391244;0.873253493013972
392178;0.8690951430472389
392314;0.8649367930805056
394290;0.8607784431137725
400007;0.8566200931470392
402427;0.8567032601463739
402552;0.8566200931470392
402565;0.8570359281437125
402713;0.8986194278110445
403347;0.8944610778443114
403775;0.8940452428476381
403887;0.8941284098469727
405138;0.8940452428476381
406483;0.9356287425149701
406598;0.8940452428476381
406832;0.9356287425149701
406978;0.8940452428476381
408187;0.914836992681304
408733;0.9065202927478376
408734;0.8982035928143712
408739;0.8898868928809048
408750;0.8815701929474384
408792;0.8607784431137725
408797;0.9023619427811045
408850;0.9231536926147704
408888;0.9314703925482368
408944;0.8898868928809048
408999;0.8982035928143712
409049;0.9065202927478376
409196;0.914836992681304
410935;0.9106786427145709
412524;0.8898868928809048
413157;0.8815701929474384
413158;0.873253493013972
413159;0.8649367930805056
413162;0.8566200931470392
413929;0.8607784431137725
413929;0.8649367930805056
413929;0.8690951430472389
413929;0.873253493013972
413930;0.8774118429807053
413930;0.8815701929474384
413930;0.8857285429141717
413930;0.8898868928809048
413931;0.8940452428476381
413931;0.8982035928143712
413931;0.9023619427811045
413931;0.9065202927478376
413932;0.9106786427145709
413932;0.914836992681304
413932;0.9189953426480373
413932;0.9231536926147704
413933;0.9273120425815037
413933;0.9314703925482368
413933;0.9356287425149701
413994;0.956420492348636
414148;0.9772122421823021
414162;0.998003992015968
414270;0.9938456420492349
415360;0.9896872920825016
416669;0.9855289421157685
417047;0.9813705921490352
421691;0.9855289421157685
421698;0.9896872920825016
421723;0.9938456420492349
421727;0.998003992015968
421840;0.9938456420492349
437356;0.9730538922155688
437762;0.9522621423819029
437867;0.9314703925482368
439668;0.9106786427145709
440094;0.8898868928809048
441344;0.8690951430472389
441648;0.8483033932135728
441740;0.8275116433799069
441946;0.8067198935462409
442142;0.7859281437125748
443659;0.7651363938789089
444346;0.7568196939454425
459272;0.7568612774451098
459326;0.7568196939454425
459377;0.7568612774451098
459420;0.7568196939454425
462312;0.7569860279441117
462471;0.7568196939454425
462504;0.7569860279441117
462588;0.7568196939454425
462758;0.7569860279441117
462851;0.7568196939454425
464233;0.7984031936127745
464331;0.7988190286094478
464360;0.8404025282767797
464378;0.8404441117764471
464382;0.7988606121091151
464405;0.7984447771124418
464405;0.7984863606121091
464427;0.7985279441117764
464448;0.7985695276114437
464668;0.7569860279441117
465234;0.7985695276114437
465579;0.7569860279441117
468370;0.7985695276114437
468435;0.8193612774451098
468443;0.8401530272787758
468446;0.8609447771124418
468472;0.8817365269461078
468479;0.8401530272787758
468483;0.8609447771124418
468489;0.9025282767797738
468491;0.9233200266134398
468505;0.9441117764471058
468571;0.948270126413839
468608;0.989853626081171
468634;0.948270126413839
469752;0.989853626081171
469918;0.969061876247505
471017;0.9757152361942781
471421;0.9823685961410512
471455;0.9757152361942781
471907;0.9823685961410512
472042;0.9757152361942781
472114;0.9823685961410512
472116;0.9823685961410512
472250;0.9965069860279441
472517;0.9965069860279441
472617;0.9965069860279441
472641;0.9965069860279441
472773;0.9965069860279441
474379;0.9965069860279441
474570;0.9981703260146374
474659;0.9965069860279441
475843;0.9965069860279441
476520;0.999001996007984
477008;0.999001996007984
480575;0.9923486360612109
480960;0.9757152361942781
481713;0.9965069860279441
481806;0.9798735861610113
484081;0.9798735861610113
484265;0.9382900864936793
485583;0.9424484364604125
485917;0.9382900864936793
485969;0.9316367265469062
486179;0.9357950765136394
486338;0.9399534264803726
488611;0.9466067864271457
489045;0.9399534264803726
490397;0.9357950765136394
490633;0.9773785761809713
490879;0.9856952761144377
491913;0.9981703260146374
491986;0.989853626081171
494944;0.9856952761144377
496588;0.9856952761144377
497188;0.9815369261477046
499464;0.9815369261477046
500561;0.9773785761809713
503231;0.9981703260146374
504593;0.9940119760479041
505954;0.9773785761809713
507148;0.9732202262142382
507338;0.9524284763805722
510315;0.948270126413839
510574;0.9441117764471058
510990;0.9025282767797738
511111;0.8900532268795742
512421;0.885894876912841
512516;0.8817365269461078
513340;0.8609447771124418
519139;0.8401530272787758
519217;0.844311377245509
519234;0.8484697272122422
519256;0.8526280771789754
520521;0.8484697272122422
523023;0.844311377245509
523409;0.8401530272787758
524051;0.8359946773120426
526492;0.8318363273453094
527068;0.8276779773785762
527171;0.823519627411843
528992;0.8193612774451098
534263;0.8152029274783765
540242;0.8110445775116434
544073;0.8110445775116434
544964;0.8110861610113107
545017;0.8110445775116434
545134;0.8110861610113107
545312;0.8110445775116434
545400;0.811127744510978
545546;0.8110445775116434
545958;0.8110861610113107
546112;0.811127744510978
546123;0.8110861610113107
546449;0.8112524950099801
546601;0.8112524950099801
546626;0.769668995342648
546629;0.7695026613439787
546899;0.7695026613439787
547932;0.769668995342648
548115;0.7695026613439787
549161;0.769668995342648
549345;0.7695026613439787
549935;0.7695026613439787
550750;0.7694610778443114
550871;0.7696274118429807
551061;0.7694610778443114
551099;0.7696274118429807
551277;0.7694610778443114
551582;0.7653027278775781
552873;0.9732202262142382
552978;0.39105123087159016
556601;0.39105123087159016
558506;0.39188290086493677
558566;0.39105123087159016
558675;0.39188290086493677
558975;0.39105123087159016
559495;0.38689288090485696
560428;0.3869344644045243
560481;0.38689288090485696
561397;0.38772455089820357
561398;0.3893878908848969
561398;0.39188290086493677
561398;0.39520958083832336
561398;0.39936793080505656
561399;0.4043579507651364
561450;0.40352628077178976
561484;0.4018629407850965
561495;0.39936793080505656
561495;0.39604125083166997
561495;0.39188290086493677
561496;0.38689288090485696
562756;0.42847638057218895
562884;0.43263473053892215
562938;0.43679308050565535
563512;0.43683466400532267
563565;0.43679308050565535
564094;0.41600133067198936
564099;0.41184298070525616
564105;0.39105123087159016
564680;0.39271457085828343
564767;0.39105123087159016
564847;0.43263473053892215
564932;0.43267631403858947
564975;0.43263473053892215
565119;0.4334664005322688
565120;0.43679308050565535
565120;0.4392880904856953
565120;0.44095143047238855
565121;0.4459414504324684
565121;0.4500998003992016
565121;0.4916833000665336
565339;0.4500998003992016
565400;0.44510978043912175
565422;0.44095143047238855
565451;0.437624750499002
565471;0.416833000665336
565534;0.4143379906852961
565556;0.3935462408516301
565669;0.39188290086493677
565939;0.9740518962075848
566135;0.9732202262142382
566144;0.9524284763805722
566808;0.9940119760479041
566837;0.9732202262142382
566846;0.9815369261477046
566846;0.9890219560878244
566846;0.9956753160345975
566846;0.9956753160345975
566847;0.9956753160345975
566847;0.9956753160345975
567065;0.9931803060545575
567076;0.9948436460412509
567087;0.9981703260146374
567284;0.9890219560878244
567295;0.9790419161676647
567317;0.9732202262142382
568112;0.9815369261477046
568113;0.9815369261477046
568113;0.9815369261477046
568249;0.9732202262142382
568653;0.9815369261477046
568654;0.9815369261477046
568655;0.9815369261477046
568655;0.9815369261477046
568655;0.9815369261477046
568726;0.9732202262142382
568745;0.9815369261477046
569250;0.9732202262142382
569857;0.9649035262807718
570098;0.9815369261477046
570152;0.9981703260146374
570153;0.9981703260146374
570153;0.9981703260146374
570213;0.9981703260146374
570562;0.9565868263473054
570752;0.989853626081171
570945;0.9940119760479041
571076;0.9441117764471058
571148;0.9399534264803726
571294;0.9357950765136394
571545;0.9981703260146374
571838;0.9316367265469062
571944;0.9357950765136394
572072;0.9399534264803726
572378;0.9441117764471058
572427;0.9399534264803726
572435;0.9441117764471058
572450;0.9399534264803726
572608;0.9357950765136394
572612;0.9316367265469062
572667;0.9357950765136394
572688;0.9357950765136394
573336;0.9981703260146374
573462;0.9981703260146374
573551;0.9981703260146374
573701;0.9981703260146374
573714;0.9981703260146374
573725;0.927478376580173
573830;0.9233200266134398
573843;0.9233200266134398
574531;0.927478376580173
574722;0.9316367265469062
574744;0.927478376580173
574819;0.9233200266134398
574885;0.927478376580173
575259;0.9233200266134398
575551;0.927478376580173
578732;0.9274367930805056
579341;0.9191200931470392
579669;0.9607035928143712
581030;0.9399118429807053
581049;0.935753493013972
581114;0.9399118429807053
581165;0.9440701929474384
585225;0.935753493013972
586418;0.9274367930805056
591896;0.927478376580173
591949;0.9274367930805056
591981;0.927478376580173
592028;0.9274367930805056
592080;0.927478376580173
592133;0.9274367930805056
600447;0.9232784431137725
603229;0.9024866932801064
611611;0.9066450432468397
611649;0.9108033932135728
611684;0.9149617431803061
611758;0.9191200931470392
611789;0.9232784431137725
611809;0.9274367930805056
611845;0.9315951430472389
612070;0.9523868928809048
612144;0.9731786427145709
612185;0.9523868928809048
612252;0.9731786427145709
612334;0.9939703925482368
612382;0.9939703925482368
612433;0.9939703925482368
612606;0.9939703925482368
612679;0.9939703925482368
612759;0.9939703925482368
612811;0.9898120425815037
614971;0.9898120425815037
614975;0.9898120425815037
615022;0.9898120425815037
615043;0.9898120425815037
615083;0.9898120425815037
615092;0.9898120425815037
619734;0.9856536926147704
621349;0.9814953426480373
621573;0.9981287425149701
621679;0.9981287425149701
621777;0.9981287425149701
622534;0.9981287425149701
622717;0.9939703925482368
623493;0.9898120425815037
628179;0.9898120425815037
628509;0.9898120425815037
629618;0.9856536926147704
630451;0.9814953426480373
631818;0.9816616766467066
632035;0.9814953426480373
634282;0.9856536926147704
634621;0.9898120425815037
634720;0.9856536926147704
635195;0.9814953426480373
636585;0.9815369261477046
636638;0.9814953426480373
637178;0.98145375914837
637205;0.9814121756487026
637227;0.9813705921490352
637786;0.9896872920825016
638095;0.9813705921490352
638145;0.9813705921490352
638222;0.9896872920825016
638253;0.9896872920825016
638318;0.9813705921490352
638658;0.9896872920825016
638698;0.998003992015968
638723;0.9896872920825016
638963;0.998003992015968
639113;0.9996673320026613
639114;0.9996673320026613
639114;0.9996673320026613
639114;0.9996673320026613
639114;0.9996673320026613
639114;0.9996673320026613
639114;0.9996673320026613
639115;0.9996673320026613
639115;0.9996673320026613
639115;0.9996673320026613
639116;0.9996673320026613
639117;0.9996673320026613
639117;0.9996673320026613
639117;0.9996673320026613
639117;0.9996673320026613
639117;0.9996673320026613
639117;0.9996673320026613
639117;0.9996673320026613
639118;0.9996673320026613
639118;0.9996673320026613
639118;0.9996673320026613
639119;0.9996673320026613
639119;0.9996673320026613
639119;0.9996673320026613
639119;0.9996673320026613
639119;0.9996673320026613
639119;0.9996673320026613
639119;0.9996673320026613
639120;0.9996673320026613
639121;0.9996673320026613
639137;0.9996673320026613
639137;0.9996673320026613
639137;0.9996673320026613
639137;0.9996673320026613
639137;0.9996673320026613
639137;0.9996673320026613
639138;0.9996673320026613
639138;0.9996673320026613
639138;0.9996673320026613
639138;0.9996673320026613
639138;0.9996673320026613
639138;0.9996673320026613
639139;0.9996673320026613
639139;0.9996673320026613
639139;0.9996673320026613
639139;0.9996673320026613
639139;0.9996673320026613
639139;0.9996673320026613
639139;0.9996673320026613
639140;0.9996673320026613
639140;0.9996673320026613
639140;0.9996673320026613
639140;0.9996673320026613
639140;0.9996673320026613
639140;0.9996673320026613
639141;0.9996673320026613
639141;0.9996673320026613
639141;0.9996673320026613
639141;0.9996673320026613
639141;0.9996673320026613
639141;0.9996673320026613
639141;0.9996673320026613
639142;0.9996673320026613
639142;0.9996673320026613
639143;0.9996673320026613
639143;0.9996673320026613
639143;0.9996673320026613
639144;0.9996673320026613
639144;0.9996673320026613
639144;0.9996673320026613
639144;0.9996673320026613
639145;0.9996673320026613
639145;0.9996673320026613
639145;0.9996673320026613
639145;0.9996673320026613
639146;0.9996673320026613
639146;0.9996673320026613
639146;0.9996673320026613
639146;0.9996673320026613
639147;0.9996673320026613
639147;0.9996673320026613
639147;0.9996673320026613
639147;0.9996673320026613
639147;0.9996673320026613
639147;0.9996673320026613
639148;0.9996673320026613
639148;0.9996673320026613
639148;0.9996673320026613
639148;0.9996673320026613
639148;0.9996673320026613
639148;0.9996673320026613
639148;0.9996673320026613
639149;0.9996673320026613
639149;0.9996673320026613
639149;0.9996673320026613
639149;0.9996673320026613
639149;0.9996673320026613
639149;0.9996673320026613
639150;0.9996673320026613
639150;0.9996673320026613
639150;0.9996673320026613
639150;0.9996673320026613
639150;0.9996673320026613
639150;0.9996673320026613
639150;0.9996673320026613
639151;0.9996673320026613
639151;0.9996673320026613
639151;0.9996673320026613
639151;0.9996673320026613
639151;0.9996673320026613
639151;0.9996673320026613
639151;0.9996673320026613
639152;0.9996673320026613
639152;0.9996673320026613
639152;0.9996673320026613
639152;0.9996673320026613
639152;0.9996673320026613
639152;0.9996673320026613
639152;0.9996673320026613
639153;0.9996673320026613
639153;0.9996673320026613
639154;0.9996673320026613
639154;0.9996673320026613
639154;0.9996673320026613
639154;0.9996673320026613
639154;0.9996673320026613
639155;0.9996673320026613
639155;0.9996673320026613
639155;0.9996673320026613
639155;0.9996673320026613
639210;0.9996673320026613
639307;0.9996673320026613
639404;0.9996673320026613
639501;0.9996673320026613
639598;0.9996673320026613
639695;0.9996673320026613
639793;0.9996673320026613
639891;0.9996673320026613
639921;0.9996673320026613
639989;0.9996673320026613
640004;0.9996673320026613
640007;0.9996673320026613
640017;0.9996673320026613
640017;0.9996673320026613
640019;0.9996673320026613
640019;0.9996673320026613
640038;0.9996673320026613
640038;0.9996673320026613
640038;0.9996673320026613
640038;0.9996673320026613
640038;0.9996673320026613
640038;0.9996673320026613
640038;0.9996673320026613
640038;0.9996673320026613
640038;0.9996673320026613
640038;0.9996673320026613
640038;0.9996673320026613
640038;0.9996673320026613
640038;0.9996673320026613
640038;0.9996673320026613
640038;0.9996673320026613
640038;0.9996673320026613
640038;0.9996673320026613
640038;0.9996673320026613
640038;0.9996673320026613
640038;0.9996673320026613
640038;0.9996673320026613
640038;0.9996673320026613
640038;0.9996673320026613
640038;0.9996673320026613
640038;0.9996673320026613
640038;0.9996673320026613
640038;0.9996673320026613
640038;0.9996673320026613
640038;0.9996673320026613
640038;0.9996673320026613
640038;0.9996673320026613
640038;0.9996673320026613
640038;0.9996673320026613
640038;0.9996673320026613
640038;0.9996673320026613
640038;0.9996673320026613
640038;0.9996673320026613
640038;0.9996673320026613
640038;0.9996673320026613
640038;0.9996673320026613
640038;0.9996673320026613
640038;0.9996673320026613
640038;0.9996673320026613
640038;0.9996673320026613
640038;0.9996673320026613
640038;0.9996673320026613
640038;0.9996673320026613
640038;0.9996673320026613
640038;0.9996673320026613
640038;0.9996673320026613
640038;0.9996673320026613
640038;0.9996673320026613
640038;0.9996673320026613
640038;0.9996673320026613
640038;0.9996673320026613
640038;0.9996673320026613
640038;0.9996673320026613
640039;0.9996673320026613
640039;0.9996673320026613
640039;0.9996673320026613
640039;0.9996673320026613
640039;0.9996673320026613
640039;0.9996673320026613
640039;0.9996673320026613
640039;0.9996673320026613
640039;0.9996673320026613
640039;0.9996673320026613
640039;0.9996673320026613
640039;0.9996673320026613
640039;0.9996673320026613
640039;0.9996673320026613
640039;0.9996673320026613
640039;0.9996673320026613
640039;0.9996673320026613
640039;0.9996673320026613
640039;0.9996673320026613
640039;0.9996673320026613
640039;0.9996673320026613
640039;0.9996673320026613
640039;0.9996673320026613
640039;0.9996673320026613
640039;0.9996673320026613
640039;0.9996673320026613
640039;0.9996673320026613
640039;0.9996673320026613
640039;0.9996673320026613
640039;0.9996673320026613
640039;0.9996673320026613
640039;0.9996673320026613
640039;0.9996673320026613
640039;0.9996673320026613
640039;0.9996673320026613
640039;0.9996673320026613
640039;0.9996673320026613
640039;0.9996673320026613
640039;0.9996673320026613
640039;0.9996673320026613
640039;0.9996673320026613
640039;0.9996673320026613
640039;0.9996673320026613
640086;0.9996673320026613
640104;0.9996673320026613
640104;0.9996673320026613
640114;0.9996673320026613
640115;0.9996673320026613
640117;0.9996673320026613
640154;0.9996673320026613
640184;0.9996673320026613
640190;0.9996673320026613
640190;0.9996673320026613
640200;0.9996673320026613
640200;0.9996673320026613
640202;0.9996673320026613
640211;0.9996673320026613
640280;0.9996673320026613
640287;0.9996673320026613
640296;0.9996673320026613
640298;0.9996673320026613
640298;0.9996673320026613
640308;0.9996673320026613
640337;0.9996673320026613
640376;0.9996673320026613
640383;0.9996673320026613
640383;0.9996673320026613
640393;0.9996673320026613
640394;0.9996673320026613
640406;0.9996673320026613
640472;0.9996673320026613
640478;0.9996673320026613
640478;0.9996673320026613
640480;0.9996673320026613
640484;0.9996673320026613
640490;0.9996673320026613
640491;0.9996673320026613
640536;0.9996673320026613
640567;0.9996673320026613
640568;0.9996673320026613
640575;0.9996673320026613
640575;0.9996673320026613
640575;0.9996673320026613
640587;0.9996673320026613
640654;0.9996673320026613
640659;0.9996673320026613
640665;0.9996673320026613
640670;0.9996673320026613
640673;0.9996673320026613
640673;0.9996673320026613
640734;0.9996673320026613
640749;0.9996673320026613
640752;0.9996673320026613
640754;0.9996673320026613
640755;0.9996673320026613
640768;0.9996673320026613
640768;0.9996673320026613
640844;0.9996673320026613
640849;0.9996673320026613
640850;0.9996673320026613
640852;0.9996673320026613
640853;0.9996673320026613
640864;0.9996673320026613
640928;0.9996673320026613
640933;0.9996673320026613
640942;0.9996673320026613
640948;0.9996673320026613
640950;0.9996673320026613
640951;0.9996673320026613
641006;0.9996673320026613
641018;0.9996673320026613
641027;0.9996673320026613
641029;0.9996673320026613
641040;0.9996673320026613
641043;0.9996673320026613
641046;0.9996673320026613
641108;0.9996673320026613
641111;0.9996673320026613
641124;0.9996673320026613
641130;0.9996673320026613
641136;0.9996673320026613
641140;0.9996673320026613
641201;0.9996673320026613
641206;0.9996673320026613
641209;0.9996673320026613
641214;0.9996673320026613
641224;0.9996673320026613
641226;0.9996673320026613
641291;0.9996673320026613
641301;0.9996673320026613
641304;0.9996673320026613
641312;0.9996673320026613
641314;0.9996673320026613
641316;0.9996673320026613
641320;0.9996673320026613
641386;0.9996673320026613
641388;0.9996673320026613
641391;0.9996673320026613
641409;0.9996673320026613
641410;0.9996673320026613
641411;0.9996673320026613
641470;0.9996673320026613
641474;0.9996673320026613
641481;0.9996673320026613
641493;0.9996673320026613
641505;0.9996673320026613
641506;0.9996673320026613
641556;0.9996673320026613
641566;0.9996673320026613
641569;0.9996673320026613
641583;0.9996673320026613
641596;0.9996673320026613
641600;0.9996673320026613
641651;0.9996673320026613
641656;0.9996673320026613
641664;0.9996673320026613
641684;0.9996673320026613
641684;0.9996673320026613
641694;0.9996673320026613
641740;0.9996673320026613
641746;0.9996673320026613
641762;0.9996673320026613
641774;0.9996673320026613
641779;0.9996673320026613
641789;0.9996673320026613
641833;0.9996673320026613
641835;0.9996673320026613
641857;0.9996673320026613
641872;0.9996673320026613
641874;0.9996673320026613
641884;0.9996673320026613
641928;0.9996673320026613
641930;0.9996673320026613
641952;0.9996673320026613
641967;0.9996673320026613
641969;0.9996673320026613
641979;0.9996673320026613
642014;0.9996673320026613
642023;0.9996673320026613
642042;0.9996673320026613
642054;0.9996673320026613
642066;0.9996673320026613
642067;0.9996673320026613
642104;0.9996673320026613
642121;0.9996673320026613
642138;0.9996673320026613
642140;0.9996673320026613
642150;0.9996673320026613
642165;0.9996673320026613
642191;0.9996673320026613
642205;0.9996673320026613
642225;0.9996673320026613
642235;0.9996673320026613
642240;0.9996673320026613
642255;0.9996673320026613
642278;0.9996673320026613
642295;0.9996673320026613
642312;0.9996673320026613
642327;0.9996673320026613
642330;0.9996673320026613
642342;0.9996673320026613
642373;0.9996673320026613
642391;0.9996673320026613
642399;0.9996673320026613
642414;0.9996673320026613
642417;0.9996673320026613
642429;0.9996673320026613
642468;0.9996673320026613
642486;0.9996673320026613
642494;0.9996673320026613
642504;0.9996673320026613
642510;0.9996673320026613
642524;0.9996673320026613
642555;0.9996673320026613
642573;0.9996673320026613
642581;0.9996673320026613
642591;0.9996673320026613
642595;0.9996673320026613
642611;0.9996673320026613
642654;0.9996673320026613
642668;0.9996673320026613
642678;0.9996673320026613
642680;0.9996673320026613
642690;0.9996673320026613
642706;0.9996673320026613
642741;0.9996673320026613
642755;0.9996673320026613
642767;0.9996673320026613
642768;0.9996673320026613
642780;0.9996673320026613
642801;0.9996673320026613
642828;0.9996673320026613
642837;0.9997089155023287
642850;0.9997089155023287
642862;0.9997089155023287
642863;0.9997089155023287
642867;0.9997089155023287
642871;0.9997089155023287
642888;0.9997089155023287
642923;0.9997089155023287
642937;0.9997089155023287
642954;0.9997089155023287
642957;0.9997089155023287
642962;0.9997089155023287
642975;0.9997089155023287
643010;0.9997089155023287
643032;0.9997089155023287
643049;0.9997089155023287
643050;0.9997089155023287
643053;0.9997089155023287
643053;0.9997089155023287
643062;0.9997089155023287
643100;0.9997089155023287
643119;0.9997089155023287
643136;0.9997089155023287
643143;0.9997089155023287
643148;0.9997089155023287
643161;0.9997089155023287
643187;0.9997089155023287
643214;0.9997089155023287
643223;0.9997089155023287
643230;0.9997089155023287
643231;0.9997089155023287
643243;0.9997089155023287
643249;0.9996673320026613
643256;0.9996673320026613
643285;0.998003992015968
643301;0.9963406520292748
643310;0.9988356620093147
643317;0.9971723220226214
643330;0.9955089820359282
643343;0.9938456420492349
643410;0.998003992015968
643902;0.998003992015968
644823;0.998003992015968
644906;0.998003992015968
644951;0.998003992015968
645792;0.998003992015968
648809;0.998003992015968
651150;0.998003992015968
651431;0.998003992015968
652090;0.998003992015968
652353;0.998003992015968
652952;0.998003992015968
653073;0.998003992015968
654358;0.998003992015968
654823;0.998003992015968
656616;0.998003992015968
657109;0.998003992015968
658008;0.998003992015968
658024;0.998003992015968
658044;0.998003992015968
658058;0.998003992015968
658073;0.998003992015968
668240;0.998003992015968
668620;0.998003992015968
668705;0.9938456420492349
668717;0.9938456420492349
668814;0.9938456420492349
668905;0.9938456420492349
669207;0.9938456420492349
669263;0.998003992015968
669352;0.998003992015968
669356;0.9896872920825016
669443;0.9813705921490352
670544;0.998003992015968
671436;0.9896872920825016
672716;0.9938456420492349
672808;0.998003992015968
672857;0.998003992015968
673024;0.998003992015968
673571;0.998003992015968
674580;0.998003992015968
675225;0.998003992015968
675370;0.998003992015968
676947;0.998003992015968
677131;0.9938456420492349
682924;0.9938456420492349
682960;0.9938456420492349
689672;0.9938456420492349
690272;0.9938456420492349
690830;0.9938456420492349
691052;0.9896872920825016
691430;0.9896872920825016
691541;0.9896872920825016
692141;0.9896872920825016
692304;0.9996673320026613
692919;0.9688955422488357
693941;0.9896872920825016
694107;0.9896872920825016
694707;0.9481037924151696
698005;0.9397870924817032
700650;0.9938456420492349
701427;0.9855289421157685
702926;0.9813705921490352
706009;0.9605788423153693
713108;0.9605788423153693
718001;0.9688955422488357
718291;0.9688955422488357
718476;0.9605788423153693
719197;0.9522621423819029
721747;0.9938456420492349
722019;0.9938456420492349
722954;0.9938456420492349
723063;0.9938456420492349
723319;0.9938456420492349
723477;0.9938456420492349
724084;0.9938456420492349
724159;0.9938456420492349
724234;0.9938456420492349
725215;0.9938456420492349
725305;0.9938456420492349
725340;0.9938456420492349
725400;0.9938456420492349
725644;0.998003992015968
725650;0.998003992015968
725737;0.998003992015968
725739;0.998003992015968
725778;0.9938456420492349
725872;0.9938456420492349
725882;0.998003992015968
725882;0.9855289421157685
725979;0.9921823020625415
726344;0.9921823020625415
726443;0.9880239520958084
726794;0.990103127079175
726950;0.9859447771124418
727380;0.9942614770459082
727471;0.9859447771124418
727548;0.9942614770459082
727663;0.9859447771124418
727731;0.9942614770459082
727832;0.9967564870259481
727838;0.9884397870924817
727859;0.9884397870924817
728457;0.9801230871590153
728751;0.9884397870924817
730135;0.9863606121091151
731362;0.9946773120425815
731457;0.9863606121091151
731526;0.9884397870924817
731540;0.9967564870259481
732179;0.9884397870924817
732248;0.9801230871590153
732626;0.9801230871590153
732889;0.9892714570858283
732897;0.9871922821024618
732995;0.9911842980705257
733149;0.9932634730538922
733459;0.968313373253493
733483;0.968313373253493
733497;0.968313373253493
733501;0.905938123752495
733541;0.9308882235528942
733555;0.9225715236194278
733592;0.876996007984032
733597;0.873003992015968
733712;0.876996007984032
733808;0.70666999334664
734139;0.6235029940119761
734141;0.5985528942115769
734327;0.8896373918829009
734434;0.47380239520958084
734496;0.6441284098469727
735360;0.6233366600133067
735843;0.6482867598137059
736242;0.6566034597471723
736340;0.6482867598137059
736449;0.6566034597471723
736570;0.6482867598137059
737004;0.6566034597471723
739703;0.6815535595475716
739740;0.6732368596141052
739808;0.6482867598137059
739828;0.6732368596141052
739883;0.6815535595475716
739972;0.6566034597471723
739983;0.6815535595475716
740438;0.679474384564205
741213;0.6545242847638058
741891;0.679474384564205
742255;0.6545242847638058
742355;0.679474384564205
742469;0.7044244843646041
742470;0.679474384564205
742578;0.6795159680638723
742626;0.6795575515635396
742909;0.6795159680638723
743809;0.6545658682634731
744123;0.6795159680638723
746454;0.679474384564205
748171;0.6545242847638058
749833;0.6129407850964738
751701;0.6046240851630074
752149;0.6129407850964738
752176;0.6046240851630074
752335;0.596307385229541
752605;0.5879906852960746
753937;0.596307385229541
755335;0.5879906852960746
757444;0.596307385229541
758006;0.6046240851630074
758096;0.596307385229541
758212;0.6046240851630074
758299;0.596307385229541
758367;0.6046240851630074
758394;0.6129407850964738
759116;0.6087824351297405
759137;0.6004657351962741
759208;0.596307385229541
759445;0.6046240851630074
759455;0.6129407850964738
759497;0.6046240851630074
763634;0.6129407850964738
766820;0.5713572854291418
769469;0.5464071856287425
774051;0.5256154357950765
774134;0.5172987358616101
774681;0.4549234863606121
780245;0.3717564870259481
784609;0.3675981370592149
788540;0.3526280771789754
790427;0.3318363273453094
790779;0.31686626746506985
798535;0.25449101796407186
799652;0.26280771789753826
802012;0.34597471723220224
803673;0.3460163007318696
803699;0.34605788423153694
805108;0.3477212242182302
805167;0.3394045242847638
805194;0.3310878243512974
805226;0.32942448436460414
809212;0.24625748502994013
809594;0.24621590153027278
809614;0.24617431803060547
809951;0.32934131736526945
810434;0.32102461743180305
810452;0.31270791749833665
810597;0.30439121756487025
810740;0.29607451763140386
810951;0.33865602129075184
817262;0.16833000665335995
818223;0.17664670658682635
818249;0.18496340652029275
818323;0.19328010645375915
818330;0.18496340652029275
818986;0.19328010645375915
819081;0.1506986027944112
819093;0.14238190286094476
820626;0.14570858283433133
820710;0.14238190286094476
820848;0.14570858283433133
820915;0.9773785761809713
820937;0.9740518962075848
821014;0.14238190286094476
821232;0.14238190286094476
821791;0.9740518962075848
821893;0.14238190286094476
826944;0.14654025282767796
826944;0.1506986027944112
826944;0.1548569527611444
826945;0.1590153027278776
826945;0.1631736526946108
826945;0.167332002661344
826945;0.1714903526280772
826945;0.17564870259481039
826984;0.19644045242847638
826997;0.21723220226214238
827009;0.23802395209580837
827021;0.2588157019294744
827035;0.2796074517631404
827078;0.3003992015968064
827151;0.2796074517631404
839880;0.6954424484364604
839949;0.8018962075848304
857373;0.8018962075848304
857615;0.8018962075848304
857813;0.8018962075848304
858285;0.8018962075848304
858730;0.8018962075848304
859338;0.8018962075848304
864711;0.7811044577511643
879385;0.7769461077844312
879390;0.7727877578176979
879392;0.7686294078509648
879395;0.7644710578842315
879399;0.7603127079174984
879401;0.7561543579507651
879406;0.751996007984032
879409;0.7478376580172987
891286;0.7478376580172987
894129;0.7478376580172987
913752;0.7478376580172987
914569;0.7478376580172987
922022;0.7270459081836327
922539;0.7062541583499667
922784;0.6854624085163007
923931;0.6646706586826348
946176;0.6646706586826348
974458;0.6220891550232868
979619;0.6137724550898204
979683;0.605455755156354
1012680;0.18962075848303392
1012749;0.998003992015968
1012976;0.914836992681304
1013083;0.914836992681304
1013124;0.914836992681304
1013169;0.499001996007984
1013397;0.08316699933466401
1066646;0.1081170991350632
1069126;0.979707252162342
1069350;0.979707252162342
1069673;0.9780439121756487
1070000;0.9763805721889555
1073875;0.9764221556886228
1073995;0.9763805721889555
1074005;0.9764221556886228
1074167;0.9763805721889555
1075904;0.9846972721224219
1076335;0.9930139720558883
1076344;0.9930139720558883
1076428;0.9930555555555556
1076497;0.9930139720558883
1076501;0.9930139720558883
1076532;0.9930555555555556
1076759;0.9930555555555556
1077117;0.9930555555555556
1077486;0.9930555555555556
1077855;0.04162508316699933
1079448;0.041666666666666664
1079901;0.04162508316699933
1080267;0.08320858283433134
1080305;0.12479208250166333
1080382;0.08320858283433134
1080409;0.04162508316699933
1081037;0.06657518296739853
1081145;0.04162508316699933
1083732;0.041583499667332005
1087464;0.04174983366600133
1087548;0.041583499667332005
1087587;0.04174983366600133
1087679;0.041583499667332005
1087827;0.04174983366600133
1087885;0.041583499667332005
1088160;0.04174983366600133
1088218;0.041583499667332005
1089024;0.04357950765136394
1089293;0.041583499667332005
1089345;0.0499001996007984
1090036;0.049941783100465736
1090093;0.0499001996007984
1091202;0.051563539587491686
1091295;0.0499001996007984
1091417;0.051563539587491686
1091783;0.0499001996007984
1113815;0.041583499667332005
1113999;0.0332667997338656
1120643;0.0083166999334664
1123964;0.0124750499001996
1123964;0.0166333998669328
1123965;0.020791749833666003
1123965;0.0249500998003992
1123965;0.0291084497671324
1123965;0.0332667997338656
1123966;0.0374251497005988
1123966;0.041583499667332005
1123966;0.045741849634065204
1123967;0.0499001996007984
1123967;0.0540585495675316
1123967;0.0582168995342648
1123968;0.062375249500998
1123968;0.0665335994677312
1123968;0.0706919494344644
1123968;0.0748502994011976
1123969;0.07900864936793081
1123969;0.08316699933466401
1123969;0.08732534930139721
1123970;0.09148369926813041
1123971;0.09564204923486361
1123971;0.0998003992015968
1123971;0.10395874916833
1123972;0.1081170991350632
1126600;0.1122754491017964
1126601;0.1164337990685296
1126601;0.1205921490352628
1126601;0.124750499001996
1126602;0.1289088489687292
1126602;0.1330671989354624
1126602;0.1372255489021956
1126603;0.1413838988689288
1126603;0.145542248835662
1126603;0.1497005988023952
1126604;0.15385894876912842
1126604;0.15801729873586162
1126605;0.16217564870259482
1126605;0.16633399866932802
1126605;0.17049234863606122
1126606;0.17465069860279442
1126606;0.17880904856952762
1126606;0.18296739853626082
1126607;0.18712574850299402
1126607;0.19128409846972722
1126607;0.19544244843646041
1126607;0.1996007984031936
1126608;0.2037591483699268
1126608;0.20791749833666
1126699;0.2037591483699268
1136466;0.19544244843646041
1146788;0.2037591483699268
1146791;0.2120758483033932
1148727;0.23203592814371257
1148843;0.2120758483033932
1148969;0.2037591483699268
1148979;0.19544244843646041
1150704;0.2203925482368596
1150820;0.19544244843646041
1154862;0.2203925482368596
1154977;0.19544244843646041
1154989;0.2203925482368596
1155117;0.24035262807717897
1155417;0.281936127744511
1155512;0.24035262807717897
1155606;0.281936127744511
1155656;0.2569860279441118
1155701;0.21540252827677978
1156090;0.2569860279441118
1156186;0.21540252827677978
1156308;0.2569860279441118
1156345;0.281936127744511
1156424;0.24035262807717897
1156471;0.281936127744511
1156589;0.24035262807717897
1156613;0.2203925482368596
1156691;0.2619760479041916
1156818;0.2203925482368596
1156955;0.19544244843646041
1157042;0.2037591483699268
1157533;0.19544244843646041
1157592;0.2037591483699268
1157738;0.228709248170326
1157854;0.2203925482368596
1158356;0.228709248170326
1158480;0.2037591483699268
1158520;0.2120758483033932
1158900;0.2370259481037924
1159547;0.2619760479041916
1159983;0.30355954757152365
1160196;0.32435129740518964
1160902;0.2994011976047904
1163126;0.4697272122421823
1164113;0.5123087159015303
1164119;0.5081503659347971
1164150;0.5039920159680639
1164206;0.4614105123087159
1164248;0.4572521623419827
1164321;0.4530938123752495
1164352;0.4489354624085163
1164372;0.4447771124417831
1164508;0.4406187624750499
1164549;0.4364604125083167
1164562;0.4156686626746507
1164663;0.4115103127079175
1164749;0.4073519627411843
1164757;0.4031936127744511
1164772;0.3990352628077179
1164782;0.3948769128409847
1164803;0.3907185628742515
1164811;0.3865602129075183
1164882;0.3824018629407851
1164926;0.3782435129740519
1165086;0.3740851630073187
1165117;0.3699268130405855
1165152;0.3657684630738523
1165372;0.3616101131071191
1165383;0.3574517631403859
1165674;0.3532934131736527
1165800;0.3491350632069195
1168077;0.3449767132401863
1168120;0.3408183632734531
1168127;0.3366600133067199
1168176;0.3325016633399867
1168239;0.3283433133732535
1168261;0.3241849634065203
1168311;0.3200266134397871
1168324;0.3158682634730539
1168342;0.3117099135063207
1168365;0.3075515635395875
1168404;0.3033932135728543
1168422;0.2992348636061211
1168426;0.2950765136393879
1168502;0.2909181636726547
1168575;0.2867598137059215
1168582;0.28260146373918826
1168659;0.27844311377245506
1168684;0.27428476380572187
1168828;0.27012641383898867
1168878;0.27844311377245506
1168933;0.27428476380572187
1168944;0.26596806387225547
1169056;0.26180971390552227
1169223;0.25765136393878907
1169974;0.26596806387225547
1170000;0.27428476380572187
1174986;0.26596806387225547
1175422;0.27428476380572187
1175454;0.2992348636061211
1175561;0.3241849634065203
1175570;0.2992348636061211
1175656;0.3408183632734531
1175664;0.3824018629407851
1175775;0.3408183632734531
1175779;0.2992348636061211
1179026;0.3033932135728543
1179130;0.2992348636061211
1179140;0.3033932135728543
1179166;0.3075515635395875
1179348;0.3117099135063207
1179349;0.3158682634730539
1179350;0.3200266134397871
1179350;0.3241849634065203
1179350;0.3283433133732535
1179350;0.3325016633399867
1179351;0.3366600133067199
1179351;0.3408183632734531
1179351;0.3449767132401863
1179351;0.3491350632069195
1179352;0.3532934131736527
1179352;0.3574517631403859
1180677;0.3491350632069195
1186213;0.3408183632734531
1200792;0.3158682634730539
1214686;0.3200266134397871
1214686;0.3241849634065203
1214686;0.3283433133732535
1214687;0.3325016633399867
1214687;0.3366600133067199
1214687;0.3408183632734531
1214687;0.3449767132401863
1214688;0.3491350632069195
1214688;0.3532934131736527
1214688;0.3574517631403859
1214688;0.3616101131071191
1214688;0.3657684630738523
1214689;0.3699268130405855
1214689;0.3740851630073187
1214689;0.3782435129740519
1214689;0.3824018629407851
1214689;0.3865602129075183
1214689;0.3907185628742515
1214690;0.3948769128409847
1214690;0.3990352628077179
1214690;0.4031936127744511
1214690;0.4073519627411843
1214690;0.4115103127079175
1214690;0.4156686626746507
1214691;0.4198270126413839
1214691;0.4239853626081171
1214691;0.4281437125748503
1214691;0.4323020625415835
1214691;0.4364604125083167
1214691;0.4406187624750499
1214692;0.4447771124417831
1214692;0.4489354624085163
1214692;0.4530938123752495
1214692;0.4572521623419827
1214692;0.4614105123087159
1214692;0.4655688622754491
1214786;0.4614105123087159
1214812;0.4572521623419827
1214882;0.4530938123752495
1214913;0.4489354624085163
1222146;0.4447771124417831
1222290;0.4406187624750499
1222487;0.4364604125083167
1222593;0.4323020625415835
1222673;0.4281437125748503
1222778;0.4239853626081171
1222853;0.4198270126413839
1222892;0.4156686626746507
1222985;0.4115103127079175
1223266;0.4073519627411843
1223317;0.4031936127744511
1223598;0.3990352628077179
1223839;0.3948769128409847
1224196;0.3907185628742515
1230492;0.4333000665335995
1231217;0.4748835662009315
1231222;0.5164670658682635
1231341;0.5247837658017299
1231386;0.5331004657351963
1236680;0.5414171656686627
1237121;0.5497338656021291
1237169;0.5414171656686627
1237621;0.5331004657351963
1239748;0.5756819693945442
1241818;0.6006320691949435
1241935;0.5756819693945442
1245300;0.550731869594145
1246429;0.5756819693945442
1246553;0.550731869594145
1246806;0.5756819693945442
1246929;0.550731869594145
1247089;0.5756819693945442
1247213;0.550731869594145
1247259;0.5756819693945442
1247374;0.550731869594145
1247377;0.5756819693945442
1247501;0.550731869594145
1247551;0.5756819693945442
1247666;0.550731869594145
1247757;0.5756819693945442
1248483;0.550731869594145
1248599;0.5756819693945442
1248628;0.6006320691949435
1248640;0.5756819693945442
1249312;0.550731869594145
1249758;0.5756819693945442
1249946;0.550731869594145
1253071;0.5424151696606786
1254976;0.5008316699933466
1255591;0.49251497005988026
1256397;0.48835662009314706
1258165;0.48419827012641387
1258601;0.48003992015968067
1258848;0.4758815701929474
1258900;0.4717232202262142
1258976;0.467564870259481
1258992;0.4634065202927478
1259006;0.4592481703260146
1259035;0.4550898203592814
1259073;0.4509314703925482
1259102;0.446773120425815
1259186;0.4426147704590818
1259240;0.4384564204923486
1259257;0.4342980705256154
1259327;0.4301397205588822
1259338;0.425981370592149
1259362;0.4218230206254158
1259374;0.4176646706586826
1259413;0.4135063206919494
1259414;0.4093479707252162
1259424;0.405189620758483
1259433;0.4010312707917498
1259461;0.39687292082501663
1259550;0.39271457085828343
1259563;0.38855622089155023
1259588;0.38439787092481703
1259606;0.38023952095808383
1259606;0.37608117099135063
1259612;0.37192282102461743
1259804;0.36776447105788423
1260106;0.36360612109115104
1260367;0.35944777112441784
1282910;0.31786427145708585
1284343;0.2762807717897538
1292088;0.23369926813040587
1329050;0.06337325349301397
1371604;0.05505655355954757
1371621;0.04673985362608117
1385806;0.04258150365934797
1402562;0.0
